0 1 141 1 2 0
0 1 567 2 3 0
0 2 134 3 4 0
0 2 500 4 5 0
0 3 369 5 6 0
0 3 524 6 7 0
0 4 778 7 8 0
0 4 658 8 9 0
0 5 962 9 10 1
0 5 264 10 11 1
0 6 405 11 12 1
0 6 345 12 13 1
0 7 881 13 14 1
0 7 727 14 15 1
0 8 161 15 16 1
0 8 591 16 17 1
0 9 395 17 18 1
0 9 342 18 19 1
0 10 427 19 20 3
0 10 136 20 21 1
1 0 991 21 22 1
1 0 304 22 23 5
1 2 402 23 24 1
1 2 253 24 25 1
1 3 392 25 26 1
1 3 782 26 27 1
1 4 421 27 28 1
1 4 816 28 29 1
1 5 918 29 30 0
1 5 195 30 31 0
1 6 147 31 32 5
1 6 226 32 33 0
1 7 471 33 34 0
1 7 838 34 35 0
1 8 169 35 36 4
1 8 212 36 37 0
1 9 567 37 38 0
1 9 299 38 39 0
1 10 935 39 40 2
1 10 994 40 41 2
2 0 903 41 42 3
2 0 511 42 43 2
2 1 822 43 44 2
2 1 733 44 45 2
2 3 673 45 46 2
2 3 264 46 47 2
2 4 841 47 48 2
2 4 611 48 49 1
2 5 453 49 50 1
2 5 668 50 51 1
2 6 447 51 52 1
2 6 744 52 53 1
2 7 362 53 54 2
2 7 457 54 55 1
2 8 337 55 56 1
2 8 359 56 57 1
2 9 723 57 58 3
2 9 841 58 59 1
2 10 629 59 60 1
2 10 878 60 61 0
3 0 716 61 62 3
3 0 435 62 63 3
3 1 690 63 64 0
3 1 142 64 65 3
3 2 388 65 66 3
3 2 506 66 67 3
3 4 140 67 68 1
3 4 942 68 69 3
3 5 464 69 70 3
3 5 248 70 71 2
3 6 546 71 72 3
3 6 505 72 73 3
3 7 690 73 74 0
3 7 529 74 75 3
3 8 170 75 76 3
3 8 150 76 77 1
3 9 706 77 78 4
3 9 601 78 79 1
3 10 193 79 80 1
3 10 948 80 81 2
4 0 829 81 82 1
4 0 123 82 83 1
4 1 784 83 84 1
4 1 254 84 85 1
4 2 856 85 86 0
4 2 240 86 87 0
4 3 566 87 88 5
4 3 276 88 89 0
4 5 531 89 90 0
4 5 308 90 91 2
4 6 844 91 92 6
4 6 139 92 93 2
4 7 426 93 94 2
4 7 623 94 95 2
4 8 237 95 96 2
4 8 938 96 97 5
4 9 918 97 98 2
4 9 382 98 99 1
4 10 529 99 100 1
4 10 441 100 101 2
5 0 433 101 102 1
5 0 615 102 103 1
5 1 239 103 104 1
5 1 958 104 105 0
5 2 304 105 106 1
5 2 130 106 107 1
5 3 577 107 108 1
5 3 606 108 109 0
5 4 273 109 110 0
5 4 886 110 111 0
5 6 621 111 112 1
5 6 945 112 113 0
5 7 924 113 114 0
5 7 272 114 115 0
5 8 970 115 116 1
5 8 529 116 117 0
5 9 777 117 118 1
5 9 373 118 119 0
5 10 697 119 120 0
5 10 412 120 121 0
6 0 686 121 122 0
6 0 790 122 123 1
6 1 261 123 124 0
6 1 736 124 125 0
6 2 855 125 126 0
6 2 567 126 127 0
6 3 355 127 128 0
6 3 374 128 129 1
6 4 531 129 130 0
6 4 452 130 131 0
6 5 450 131 132 0
6 5 350 132 133 1
6 7 841 133 134 1
6 7 224 134 135 1
6 8 566 135 136 1
6 8 830 136 137 1
6 9 607 137 138 1
6 9 591 138 139 0
6 10 107 139 140 1
6 10 637 140 141 1
7 0 257 141 142 0
7 0 687 142 143 1
7 1 853 143 144 0
7 1 583 144 145 1
7 2 645 145 146 1
7 2 909 146 147 0
7 3 809 147 148 1
7 3 858 148 149 2
7 4 921 149 150 2
7 4 688 150 151 0
7 5 222 151 152 2
7 5 746 152 153 2
7 6 606 153 154 2
7 6 530 154 155 0
7 8 313 155 156 2
7 8 468 156 157 2
7 9 100 157 158 0
7 9 291 158 159 2
7 10 862 159 160 2
7 10 855 160 161 1
8 0 410 161 162 2
8 0 159 162 163 2
8 1 724 163 164 1
8 1 837 164 165 2
8 2 948 165 166 2
8 2 283 166 167 0
8 3 695 167 168 2
8 3 541 168 169 2
8 4 102 169 170 1
8 4 150 170 171 1
8 5 491 171 172 1
8 5 336 172 173 0
8 6 474 173 174 1
8 6 320 174 175 1
8 7 196 175 176 1
8 7 721 176 177 0
8 9 448 177 178 1
8 9 799 178 179 1
8 10 868 179 180 1
8 10 284 180 181 0
9 0 281 181 182 1
9 0 334 182 183 1
9 1 153 183 184 1
9 1 299 184 185 0
9 2 418 185 186 0
9 2 138 186 187 1
9 3 700 187 188 0
9 3 288 188 189 0
9 4 227 189 190 0
9 4 567 190 191 1
9 5 228 191 192 0
9 5 593 192 193 0
9 6 448 193 194 0
9 6 983 194 195 2
9 7 807 195 196 0
9 7 721 196 197 0
9 8 910 197 198 2
9 8 417 198 199 0
9 10 413 199 200 0
9 10 614 200 201 1
10 0 909 201 202 0
10 0 516 202 203 0
10 1 135 203 204 2
10 1 451 204 205 0
10 2 900 205 206 0
10 2 849 206 207 2
10 3 419 207 208 1
10 3 156 208 209 1
10 4 398 209 210 2
10 4 703 210 211 1
10 5 924 211 212 1
10 5 308 212 213 1
10 6 544 213 214 1
10 6 309 214 215 2
10 7 689 215 216 1
10 7 402 216 217 2
10 8 595 217 218 1
10 8 785 218 219 2
10 9 493 219 220 1
10 9 943 220 221 1
-1 -1 -1 -1 -1 -1